1
1
2
3
3
4
4
4
6
6
6
7
7
10
11
13
14
14
15
17
18
19
20
20
21
22
24
25
25
25
28
28
29
30
31
31
32
34
34
34
35
37
37
38
38
38
40
41
42
44
44
44
44
45
45
46
46
46
47
49
49
55
56
57
58
58
58
59
59
61
62
62
63
64
65
66
66
66
70
70
71
71
72
72
75
76
76
76
78
81
82
82
82
82
83
83
84
85
86
87
89
95
96
97
97
99
99
101
102
103
105
105
109
109
110
110
110
114
115
115
115
115
117
117
119
120
120
120
123
123
125
125
126
127
127
127
130
132
134
135
137
137
137
137
138
138
143
143
143
145
149
149
149
150
150
151
152
152
152
152
153
155
155
155
156
156
156
156
156
157
158
159
159
159
159
161
161
161
164
164
166
167
167
168
168
168
169
173
174
174
175
175
176
179
179
181
181
182
183
185
186
187
189
189
189
189
189
190
190
190
191
191
191
193
193
193
193
194
195
196
197
197
197
198
198
198
199
199
201
202
202
203
203
204
206
207
209
210
211
214
215
216
216
216
216
216
218
220
222
223
224
224
225
226
226
226
227
228
228
229
229
229
231
233
233
235
235
235
237
238
238
238
239
239
240
240
241
242
242
243
243
244
244
245
246
248
248
248
250
251
251
252
252
252
253
253
255
255
259
259
259
260
261
261
261
261
262
262
262
262
263
264
265
265
266
267
268
270
270
271
271
272
273
273
276
276
277
277
277
277
277
278
278
280
280
281
281
281
281
281
284
284
285
286
286
287
287
287
288
289
289
290
292
292
293
294
296
296
296
298
301
302
302
302
302
303
304
305
306
306
307
307
308
308
309
313
313
314
315
317
317
318
318
319
320
320
320
321
322
324
324
325
325
326
326
327
327
327
328
328
328
328
328
331
331
332
332
332
333
333
336
336
337
338
338
338
338
339
339
339
341
343
344
344
345
345
345
348
348
348
349
349
349
349
350
350
351
351
352
352
354
354
356
356
357
359
359
360
361
362
363
364
364
365
366
368
369
369
370
370
371
371
372
373
373
373
375
375
376
376
377
380
381
381
382
384
384
386
387
388
389
392
394
395
395
395
395
396
397
397
398
400
401
401
401
403
404
405
406
406
407
407
407
408
408
408
409
410
410
411
412
412
413
414
415
417
417
417
419
419
420
421
421
422
422
422
423
423
423
423
425
425
425
425
426
427
427
428
429
431
432
433
433
436
436
440
442
445
445
445
446
446
447
447
448
449
450
451
452
453
454
455
457
457
460
462
462
462
462
464
464
466
466
467
467
467
467
467
468
469
470
470
471
472
472
473
474
475
476
477
477
479
481
483
483
484
485
486
487
487
488
488
492
493
494
494
494
495
495
498
498
498
498
499
502
502
506
508
508
509
510
512
512
512
513
513
514
515
516
516
516
519
519
519
521
522
523
524
525
526
527
528
528
528
529
529
530
530
532
532
533
534
536
536
539
539
539
540
541
542
542
544
544
545
545
548
548
550
551
552
553
554
554
555
556
556
556
558
559
562
563
564
564
567
568
568
568
569
569
570
570
571
572
572
573
573
574
575
575
575
575
576
579
580
581
582
583
584
585
586
586
587
587
588
590
591
591
591
592
593
594
594
595
596
596
596
597
597
597
597
601
601
601
601
601
603
604
605
605
606
607
609
610
611
612
612
613
613
614
614
615
615
615
621
621
622
623
623
623
624
624
624
624
625
625
625
625
625
625
627
629
629
630
632
632
632
633
633
633
633
633
634
634
634
636
636
638
639
640
640
640
641
641
642
642
642
644
644
645
646
650
651
651
654
654
654
655
655
655
656
657
657
658
658
659
659
660
660
661
662
663
663
663
664
665
665
666
666
667
667
669
670
670
672
672
673
673
674
674
675
676
676
676
677
678
679
680
681
683
683
683
684
686
686
687
687
687
687
688
688
688
689
689
690
691
691
692
694
695
696
699
699
701
702
702
704
704
704
705
706
706
706
708
710
710
711
712
712
714
716
717
718
718
719
719
720
721
721
721
723
725
726
726
726
728
731
734
736
736
736
736
737
737
739
740
741
741
741
741
742
742
745
745
746
747
748
749
750
751
751
751
753
756
757
757
758
759
760
760
760
762
763
764
764
765
766
767
767
768
769
769
770
771
771
772
773
774
775
775
775
776
776
776
777
777
777
778
778
778
782
784
784
785
785
785
785
786
786
788
789
789
789
790
790
791
791
791
792
793
793
794
794
794
795
795
796
797
797
797
797
798
798
799
799
799
801
801
802
802
803
803
804
805
805
806
807
807
808
812
812
813
813
814
816
817
817
819
820
820
822
823
825
827
830
830
832
833
834
834
836
836
837
839
840
840
841
841
842
842
842
843
843
844
844
844
845
845
846
848
849
851
852
852
853
853
854
856
856
857
857
858
859
860
862
863
866
867
869
869
869
870
870
871
872
872
876
876
879
880
880
881
881
882
884
885
886
887
888
888
889
889
889
890
890
890
890
891
892
893
893
893
894
894
895
897
899
899
900
900
901
905
905
905
906
909
910
910
911
912
913
913
913
914
915
918
920
921
921
922
923
924
924
925
926
926
929
929
930
931
933
933
934
936
936
937
938
940
941
941
941
942
944
945
945
947
950
950
950
950
951
951
952
953
954
954
955
956
958
959
960
960
962
962
964
966
966
968
968
968
971
971
972
972
973
973
974
974
975
975
975
976
976
976
978
980
980
980
981
982
982
983
984
984
985
987
988
989
989
992
992
993
993
994
999
1000
1000
1001
1001
1002
1002
1002
1003
1003
1003
1003
1004
1005
1005
1006
1007
1008
1008
1009
1010
1011
1013
1013
1014
1014
1014
1015
1015
1016
1016
1016
1016
1018
1020
1020
1021
1022
1023
1026
1027
1028
1029
1030
1030
1031
1033
1034
1034
1035
1035
1037
1038
1038
1038
1040
1041
1041
1042
1042
1043
1043
1044
1044
1045
1046
1046
1048
1050
1050
1052
1052
1054
1055
1056
1056
1056
1056
1056
1057
1059
1059
1060
1060
1061
1063
1063
1063
1064
1065
1066
1066
1067
1067
1068
1068
1069
1069
1070
1071
1071
1071
1072
1073
1075
1076
1077
1077
1078
1079
1082
1083
1083
1084
1084
1085
1085
1085
1086
1086
1089
1090
1091
1091
1092
1092
1093
1094
1095
1095
1095
1096
1097
1097
1098
1100
1100
1100
1102
1103
1104
1105
1105
1106
1108
1108
1109
1109
1109
1109
1110
1110
1110
1110
1111
1111
1111
1112
1112
1113
1113
1113
1113
1113
1114
1114
1115
1115
1115
1116
1116
1119
1120
1120
1120
1120
1121
1122
1122
1123
1123
1124
1125
1125
1125
1126
1127
1128
1128
1128
1130
1132
1132
1133
1133
1133
1133
1133
1134
1134
1135
1135
1135
1135
1136
1136
1137
1138
1138
1138
1139
1140
1142
1144
1144
1144
1145
1147
1147
1148
1148
1149
1149
1149
1150
1151
1152
1152
1152
1153
1153
1153
1153
1154
1155
1157
1158
1159
1159
1159
1159
1164
1164
1165
1166
1166
1166
1167
1169
1172
1173
1173
1175
1175
1175
1176
1176
1176
1176
1177
1179
1179
1182
1184
1185
1185
1185
1185
1186
1187
1187
1187
1188
1188
1188
1189
1190
1191
1191
1191
1197
1198
1198
1200
1200
1201
1202
1202
1202
1202
1204
1205
1205
1206
1206
1206
1207
1208
1208
1208
1209
1210
1211
1211
1211
1212
1212
1212
1213
1214
1214
1215
1215
1215
1217
1218
1218
1218
1218
1218
1221
1221
1223
1224
1225
1227
1227
1230
1230
1232
1233
1233
1233
1235
1235
1236
1237
1238
1239
1239
1240
1240
1242
1242
1243
1243
1244
1245
1245
1246
1247
1248
1249
1251
1253
1253
1253
1255
1257
1257
1257
1259
1259
1259
1260
1260
1260
1261
1263
1264
1264
1265
1265
1265
1266
1269
1270
1271
1271
1272
1273
1273
1273
1276
1277
1277
1277
1278
1279
1279
1280
1281
1281
1282
1282
1282
1283
1283
1283
1284
1285
1285
1287
1287
1287
1287
1288
1289
1291
1292
1293
1295
1295
1296
1297
1297
1297
1298
1298
1299
1300
1300
1301
1301
1301
1302
1302
1302
1303
1304
1305
1305
1305
1306
1306
1307
1307
1307
1307
1308
1308
1309
1309
1310
1310
1310
1310
1311
1311
1311
1314
1314
1314
1314
1314
1317
1319
1319
1320
1322
1323
1323
1323
1325
1325
1326
1327
1328
1328
1328
1329
1329
1329
1330
1330
1330
1332
1334
1335
1335
1336
1336
1336
1337
1337
1337
1337
1337
1338
1338
1339
1339
1340
1341
1341
1343
1344
1345
1345
1346
1348
1348
1349
1349
1350
1353
1355
1357
1358
1360
1361
1361
1361
1362
1362
1362
1362
1362
1363
1363
1364
1364
1366
1366
1366
1370
1371
1371
1373
1374
1375
1375
1375
1375
1375
1377
1378
1379
1380
1380
1380
1381
1382
1383
1383
1384
1384
1384
1384
1385
1386
1387
1387
1388
1388
1388
1388
1388
1389
1390
1390
1392
1393
1394
1395
1396
1396
1398
1401
1401
1402
1403
1403
1405
1405
1406
1407
1408
1408
1408
1409
1410
1410
1410
1411
1413
1415
1416
1417
1418
1418
1419
1420
1421
1423
1424
1424
1425
1426
1430
1430
1430
1430
1430
1433
1433
1433
1433
1434
1434
1436
1436
1436
1438
1439
1441
1441
1441
1442
1443
1446
1448
1449
1450
1450
1450
1452
1452
1452
1452
1453
1453
1454
1455
1455
1458
1458
1458
1458
1460
1460
1462
1462
1463
1464
1466
1466
1467
1467
1468
1468
1468
1470
1470
1470
1471
1471
1471
1473
1474
1474
1475
1476
1476
1477
1477
1478
1480
1480
1480
1481
1483
1485
1485
1485
1486
1487
1487
1488
1488
1490
1491
1492
1492
1493
1494
1498
1499
1501
1501
1501
1502
1502
1503
1503
1504
1505
1505
1506
1507
1507
1508
1508
1509
1509
1509
1509
1510
1510
1511
1511
1512
1512
1512
1514
1515
1515
1517
1517
1518
1518
1520
1520
1522
1522
1525
1527
1528
1530
1531
1532
1533
1533
1534
1534
1534
1535
1535
1536
1536
1537
1540
1540
1542
1542
1542
1543
1544
1545
1546
1546
1546
1546
1547
1549
1551
1551
1552
1553
1553
1553
1554
1554
1555
1555
1556
1556
1557
1557
1557
1559
1560
1561
1563
1563
1564
1564
1565
1566
1566
1567
1568
1569
1570
1571
1571
1571
1572
1572
1574
1574
1575
1575
1577
1577
1577
1578
1579
1579
1579
1580
1582
1582
1583
1583
1583
1583
1584
1584
1586
1586
1587
1589
1589
1590
1591
1591
1592
1592
1593
1593
1593
1594
1594
1595
1596
1597
1598
1600
1601
1603
1604
1604
1604
1605
1607
1607
1609
1609
1609
1611
1611
1611
1611
1612
1612
1613
1614
1616
1616
1617
1619
1620
1621
1621
1621
1623
1624
1625
1626
1626
1626
1627
1627
1627
1628
1628
1631
1631
1632
1637
1638
1639
1639
1639
1640
1640
1642
1643
1643
1644
1650
1650
1651
1651
1652
1653
1653
1654
1655
1655
1656
1656
1658
1658
1658
1659
1661
1662
1662
1663
1664
1664
1665
1665
1665
1666
1666
1669
1669
1671
1673
1674
1674
1674
1675
1675
1677
1678
1679
1682
1682
1684
1684
1684
1685
1687
1687
1691
1691
1692
1692
1694
1694
1697
1698
1698
1700
1702
1704
1706
1707
1710
1711
1711
1713
1714
1714
1715
1715
1715
1715
1715
1716
1717
1718
1718
1720
1720
1721
1721
1721
1722
1722
1723
1723
1724
1725
1728
1730
1732
1732
1733
1733
1733
1735
1738
1738
1738
1738
1740
1741
1741
1742
1743
1743
1744
1745
1746
1746
1747
1748
1748
1748
1750
1750
1751
1752
1752
1755
1755
1756
1756
1758
1759
1759
1759
1760
1760
1762
1763
1765
1769
1769
1769
1769
1769
1770
1771
1772
1773
1773
1773
1774
1774
1775
1775
1776
1779
1779
1780
1782
1783
1784
1784
1786
1786
1787
1788
1789
1790
1791
1791
1792
1792
1798
1799
1800
1800
1801
1802
1804
1806
1806
1807
1808
1808
1810
1810
1811
1811
1811
1812
1813
1814
1815
1816
1816
1816
1816
1817
1817
1818
1819
1821
1823
1824
1824
1825
1826
1827
1827
1827
1827
1828
1830
1831
1831
1832
1834
1834
1835
1836
1837
1837
1839
1840
1841
1842
1842
1844
1845
1847
1849
1849
1850
1851
1852
1852
1852
1852
1852
1853
1855
1855
1856
1856
1857
1858
1858
1860
1860
1860
1861
1861
1862
1862
1863
1864
1864
1866
1866
1867
1867
1868
1869
1870
1870
1871
1872
1872
1873
1874
1874
1877
1878
1880
1881
1881
1883
1884
1885
1887
1889
1889
1890
1890
1891
1893
1895
1895
1897
1898
1898
1902
1902
1902
1903
1903
1903
1905
1905
1905
1905
1907
1907
1907
1907
1908
1909
1909
1910
1910
1911
1911
1912
1914
1916
1919
1919
1919
1921
1921
1922
1922
1923
1924
1924
1925
1925
1927
1927
1928
1929
1929
1930
1930
1931
1931
1932
1933
1934
1934
1934
1934
1936
1937
1937
1937
1937
1938
1938
1938
1939
1940
1940
1941
1941
1943
1943
1945
1946
1947
1949
1949
1954
1956
1956
1956
1957
1958
1958
1958
1959
1960
1961
1962
1962
1963
1964
1964
1964
1964
1965
1965
1966
1966
1968
1968
1969
1969
1969
1971
1971
1972
1972
1974
1975
1976
1977
1978
1979
1980
1980
1981
1981
1983
1983
1984
1984
1986
1987
1987
1988
1989
1989
1991
1991
1991
1991
1992
1995
1999
1999
2000
2001
2002
2005
2006
2008
2008
2011
2011
2013
2013
2016
2016
2016
2016
2017
2017
2018
2019
2022
2022
2024
2024
2025
2027
2027
2027
2027
2027
2031
2031
2031
2032
2032
2033
2033
2034
2035
2037
2037
2037
2040
2041
2041
2042
2042
2045
2048
2049
2049
2049
2050
2050
2050
2052
2052
2052
2052
2053
2054
2054
2056
2056
2058
2059
2059
2060
2060
2061
2062
2062
2062
2063
2063
2063
2064
2066
2066
2068
2068
2068
2069
2071
2072
2073
2074
2075
2075
2076
2077
2077
2077
2078
2078
2079
2080
2080
2080
2081
2083
2083
2083
2084
2086
2086
2086
2087
2088
2088
2089
2091
2092
2095
2095
2095
2096
2097
2097
2100
2100
2103
2103
2104
2104
2105
2106
2107
2109
2109
2109
2109
2109
2109
2110
2114
2114
2114
2115
2116
2116
2116
2117
2117
2118
2119
2121
2122
2122
2122
2123
2123
2125
2127
2129
2129
2129
2129
2131
2132
2132
2133
2133
2133
2134
2134
2135
2136
2136
2136
2137
2137
2137
2138
2139
2139
2139
2141
2141
2142
2143
2143
2144
2144
2144
2146
2147
2148
2150
2152
2152
2153
2153
2154
2154
2155
2155
2155
2156
2156
2156
2157
2158
2158
2158
2159
2159
2160
2160
2161
2161
2161
2161
2163
2163
2164
2165
2165
2167
2167
2168
2169
2169
2172
2173
2174
2174
2178
2179
2180
2180
2181
2182
2183
2185
2186
2187
2188
2189
2189
2189
2190
2191
2191
2194
2195
2196
2197
2197
2197
2199
2200
2200
2200
2201
2205
2205
2208
2210
2210
2210
2211
2212
2212
2212
2214
2215
2215
2216
2216
2218
2218
2218
2219
2220
2220
2220
2221
2224
2224
2225
2225
2226
2228
2229
2230
2230
2231
2233
2233
2234
2234
2236
2236
2238
2238
2238
2239
2240
2240
2242
2243
2243
2243
2244
2244
2244
2245
2245
2248
2249
2250
2251
2253
2253
2253
2255
2255
2257
2257
2257
2257
2258
2260
2260
2261
2262
2262
2263
2263
2267
2267
2270
2271
2271
2272
2273
2274
2276
2277
2281
2281
2282
2282
2282
2283
2283
2284
2284
2287
2287
2288
2289
2289
2291
2292
2292
2293
2293
2294
2295
2295
2296
2297
2298
2300
2300
2301
2302
2302
2303
2304
2304
2305
2306
2307
2307
2308
2308
2308
2310
2311
2311
2313
2313
2313
2314
2315
2316
2317
2317
2319
2319
2319
2319
2320
2321
2321
2323
2323
2324
2324
2326
2327
2328
2328
2328
2328
2329
2329
2330
2333
2333
2334
2334
2334
2336
2336
2337
2337
2338
2340
2340
2341
2342
2342
2342
2343
2343
2343
2345
2346
2347
2348
2350
2350
2351
2352
2353
2355
2356
2357
2357
2358
2359
2359
2360
2360
2361
2361
2361
2362
2363
2363
2364
2364
2364
2366
2366
2367
2370
2371
2371
2373
2373
2374
2375
2375
2376
2376
2376
2378
2378
2379
2381
2382
2382
2383
2383
2384
2385
2386
2386
2387
2388
2390
2390
2390
2391
2392
2392
2393
2393
2395
2396
2396
2397
2397
2398
2398
2399
2400
2402
2405
2405
2405
2406
2410
2411
2411
2412
2412
2412
2413
2414
2415
2415
2415
2416
2416
2418
2418
2419
2419
2420
2420
2421
2421
2421
2423
2423
2423
2424
2425
2428
2428
2430
2433
2434
2434
2436
2437
2437
2438
2438
2438
2442
2442
2442
2442
2443
2443
2443
2443
2443
2444
2444
2444
2445
2446
2447
2447
2448
2448
2448
2448
2449
2449
2449
2450
2450
2450
2450
2451
2451
2453
2453
2453
2453
2454
2456
2457
2458
2459
2460
2461
2462
2464
2464
2466
2466
2467
2468
2468
2469
2471
2472
2472
2474
2474
2475
2476
2477
2479
2480
2480
2480
2480
2481
2482
2483
2484
2485
2485
2486
2486
2488
2489
2489
2489
2490
2490
2493
2493
2494
2495
2496
2497
2497
2498
2498
2498
2498
2498
2499
2499
2500
2501
2501
2501
2502
2503
2503
2504
2505
2505
2506
2507
2509
2511
2515
2515
2516
2517
2517
2517
2518
2518
2518
2520
2520
2521
2521
2523
2524
2524
2524
2524
2525
2527
2528
2528
2528
2531
2532
2532
2534
2535
2535
2535
2536
2537
2537
2537
2540
2541
2542
2543
2543
2544
2545
2547
2548
2548
2548
2549
2549
2549
2549
2549
2551
2551
2551
2552
2552
2552
2552
2553
2554
2554
2556
2557
2557
2559
2559
2560
2560
2561
2561
2564
2565
2567
2569
2569
2569
2569
2571
2571
2571
2573
2573
2574
2574
2574
2575
2575
2577
2578
2579
2579
2582
2582
2583
2583
2583
2585
2586
2588
2588
2589
2590
2591
2592
2592
2592
2592
2595
2596
2596
2597
2597
2599
2599
2599
2600
2600
2601
2602
2604
2606
2606
2609
2610
2612
2612
2613
2614
2616
2617
2618
2618
2619
2619
2619
2620
2621
2622
2622
2623
2623
2623
2624
2624
2625
2625
2626
2628
2628
2629
2629
2630
2631
2631
2631
2632
2632
2633
2634
2634
2637
2638
2638
2639
2639
2639
2639
2639
2640
2640
2641
2641
2642
2643
2643
2643
2645
2646
2647
2647
2647
2648
2648
2649
2649
2651
2652
2653
2654
2654
2655
2655
2658
2660
2662
2664
2665
2666
2666
2667
2667
2667
2669
2669
2670
2671
2671
2671
2672
2675
2676
2677
2678
2679
2680
2680
2680
2681
2681
2682
2683
2683
2683
2684
2685
2685
2685
2688
2688
2689
2691
2691
2693
2693
2693
2693
2693
2694
2695
2697
2697
2697
2698
2698
2700
2700
2701
2701
2702
2703
2704
2704
2705
2706
2706
2707
2707
2709
2710
2710
2710
2712
2712
2713
2714
2715
2715
2715
2717
2717
2718
2719
2721
2723
2724
2727
2727
2727
2728
2728
2730
2730
2731
2731
2732
2733
2734
2735
2735
2735
2736
2736
2736
2736
2738
2740
2741
2742
2742
2746
2746
2747
2749
2750
2750
2751
2751
2753
2753
2755
2756
2756
2758
2759
2759
2759
2760
2760
2761
2763
2764
2764
2764
2766
2766
2767
2768
2769
2772
2772
2773
2773
2773
2774
2775
2775
2775
2775
2776
2776
2777
2777
2780
2780
2781
2781
2782
2783
2783
2783
2783
2783
2784
2785
2787
2787
2788
2789
2790
2791
2792
2792
2792
2793
2793
2797
2798
2799
2799
2799
2800
2800
2800
2801
2802
2803
2803
2803
2804
2804
2805
2807
2807
2808
2808
2808
2809
2809
2809
2809
2810
2811
2813
2813
2813
2814
2815
2816
2817
2818
2818
2818
2819
2820
2821
2824
2824
2825
2827
2827
2827
2829
2831
2832
2832
2832
2833
2834
2835
2835
2836
2837
2838
2840
2841
2843
2846
2847
2847
2848
2848
2848
2848
2848
2850
2853
2853
2856
2856
2856
2857
2857
2858
2858
2858
2859
2859
2862
2862
2862
2864
2865
2866
2866
2866
2868
2868
2868
2869
2869
2869
2869
2870
2871
2871
2874
2874
2874
2874
2875
2875
2876
2877
2880
2881
2882
2883
2883
2885
2887
2889
2889
2890
2891
2891
2891
2893
2893
2895
2895
2896
2898
2898
2899
2899
2899
2900
2901
2902
2903
2903
2904
2904
2904
2905
2906
2906
2907
2908
2908
2908
2909
2910
2910
2910
2911
2911
2912
2914
2917
2918
2918
2919
2919
2920
2920
2921
2922
2923
2924
2924
2924
2924
2925
2926
2929
2930
2930
2930
2930
2935
2935
2935
2936
2937
2937
2937
2938
2939
2939
2939
2940
2940
2941
2941
2941
2942
2942
2943
2943
2944
2944
2946
2946
2947
2948
2949
2949
2951
2951
2951
2951
2952
2953
2953
2953
2954
2954
2955
2955
2956
2956
2957
2962
2963
2964
2964
2964
2964
2964
2965
2967
2968
2970
2971
2973
2974
2975
2977
2977
2977
2979
2979
2982
2982
2983
2983
2986
2986
2989
2989
2989
2990
2991
2994
2994
2994
2995
2995
2996
2996
2997
2997
2998
2998
2999
3000
3001
3003
3003
3003
3003
3004
3004
3004
3004
3005
3005
3005
3007
3007
3009
3009
3010
3010
3013
3014
3015
3016
3017
3017
3018
3019
3020
3021
3022
3023
3023
3024
3024
3024
3025
3026
3026
3027
3027
3029
3031
3031
3032
3032
3033
3033
3033
3035
3036
3036
3037
3037
3039
3040
3040
3041
3041
3043
3043
3044
3044
3044
3045
3045
3046
3048
3048
3050
3050
3051
3051
3051
3052
3053
3054
3054
3057
3058
3058
3059
3059
3060
3060
3061
3061
3062
3062
3064
3065
3070
3071
3072
3073
3073
3074
3075
3078
3079
3079
3080
3080
3081
3082
3083
3084
3084
3086
3088
3089
3090
3091
3091
3092
3092
3093
3095
3095
3097
3098
3098
3099
3100
3101
3101
3102
3103
3104
3105
3106
3106
3107
3110
3112
3113
3114
3114
3114
3116
3117
3118
3118
3118
3119
3120
3121
3121
3121
3121
3123
3124
3124
3125
3126
3126
3127
3127
3132
3134
3134
3134
3134
3134
3135
3135
3135
3137
3138
3139
3139
3140
3141
3141
3141
3141
3141
3142
3142
3144
3145
3145
3145
3146
3148
3149
3152
3154
3154
3155
3155
3156
3159
3159
3163
3163
3164
3164
3164
3164
3164
3165
3165
3166
3166
3169
3169
3171
3172
3174
3174
3174
3176
3177
3178
3178
3178
3179
3180
3181
3182
3183
3183
3184
3186
3187
3188
3190
3191
3192
3193
3193
3193
3194
3194
3195
3196
3197
3197
3198
3198
3199
3200
3200
3200
3201
3202
3203
3204
3204
3208
3209
3209
3210
3211
3212
3212
3212
3212
3213
3214
3215
3215
3216
3216
3217
3218
3218
3219
3220
3221
3223
3224
3224
3225
3226
3226
3227
3227
3227
3228
3228
3228
3228
3228
3228
3230
3231
3232
3232
3232
3233
3234
3234
3235
3235
3236
3237
3237
3241
3242
3242
3242
3244
3245
3245
3246
3247
3247
3248
3248
3249
3249
3249
3250
3250
3250
3251
3251
3252
3253
3254
3254
3255
3257
3258
3259
3259
3262
3262
3263
3263
3263
3263
3263
3264
3265
3266
3267
3267
3268
3269
3269
3270
3270
3271
3271
3272
3272
3273
3273
3273
3274
3275
3276
3277
3277
3277
3277
3277
3278
3279
3280
3281
3281
3282
3282
3283
3284
3284
3284
3285
3285
3285
3286
3286
3287
3287
3287
3289
3290
3291
3291
3294
3294
3296
3296
3297
3298
3298
3299
3300
3301
3301
3301
3303
3304
3304
3304
3304
3306
3306
3309
3309
3311
3312
3312
3312
3313
3313
3313
3315
3316
3317
3317
3317
3318
3318
3320
3320
3321
3321
3321
3322
3322
3323
3325
3326
3326
3326
3327
3327
3327
3327
3329
3329
3329
3330
3331
3331
3332
3334
3334
3334
3334
3334
3334
3336
3338
3340
3342
3342
3343
3345
3345
3347
3347
3347
3347
3348
3348
3348
3349
3349
3350
3350
3351
3351
3351
3353
3354
3356
3357
3358
3360
3361
3362
3362
3363
3363
3363
3363
3365
3365
3366
3366
3367
3370
3370
3371
3372
3372
3372
3372
3372
3373
3373
3373
3374
3374
3375
3377
3378
3380
3381
3381
3381
3381
3384
3385
3386
3386
3387
3387
3387
3388
3388
3390
3390
3390
3391
3391
3394
3395
3396
3397
3397
3401
3401
3401
3401
3401
3401
3402
3402
3403
3403
3403
3403
3404
3408
3409
3409
3409
3410
3411
3411
3416
3416
3417
3418
3419
3420
3420
3420
3422
3422
3423
3423
3423
3425
3428
3429
3429
3432
3433
3433
3435
3435
3437
3437
3439
3440
3441
3443
3445
3446
3447
3447
3448
3448
3448
3450
3450
3451
3454
3455
3457
3458
3458
3462
3463
3465
3466
3466
3466
3467
3467
3467
3469
3470
3471
3471
3472
3472
3473
3473
3474
3475
3475
3475
3477
3477
3477
3478
3479
3480
3480
3481
3483
3483
3484
3484
3485
3485
3486
3487
3487
3487
3488
3489
3492
3493
3494
3494
3494
3496
3497
3497
3497
3498
3499
3500
3501
3502
3502
3503
3503
3503
3505
3505
3506
3506
3507
3508
3509
3510
3511
3511
3511
3511
3514
3514
3514
3515
3515
3516
3517
3517
3517
3517
3517
3518
3518
3518
3521
3522
3522
3523
3523
3525
3527
3528
3528
3530
3531
3532
3534
3535
3535
3535
3536
3537
3537
3537
3537
3538
3538
3539
3539
3542
3542
3543
3543
3543
3544
3546
3548
3548
3550
3551
3552
3554
3554
3554
3555
3556
3556
3557
3557
3559
3560
3561
3562
3562
3563
3565
3565
3566
3566
3566
3566
3567
3568
3568
3569
3569
3571
3571
3571
3572
3572
3573
3574
3574
3575
3575
3576
3578
3579
3579
3579
3580
3581
3584
3584
3585
3585
3585
3586
3587
3589
3592
3592
3593
3593
3594
3594
3595
3595
3595
3596
3596
3597
3598
3600
3601
3602
3605
3606
3606
3606
3607
3610
3611
3612
3613
3613
3615
3616
3616
3617
3617
3618
3619
3619
3620
3624
3626
3627
3628
3629
3630
3630
3631
3631
3631
3631
3632
3634
3634
3635
3636
3637
3637
3638
3638
3638
3639
3640
3640
3640
3641
3642
3643
3643
3643
3643
3643
3645
3646
3648
3649
3649
3649
3651
3651
3652
3653
3653
3653
3655
3656
3656
3657
3657
3657
3658
3659
3659
3660
3660
3660
3662
3664
3665
3666
3666
3666
3668
3670
3671
3671
3672
3673
3673
3673
3675
3675
3675
3675
3677
3677
3677
3679
3680
3682
3682
3682
3682
3683
3683
3684
3686
3688
3688
3689
3692
3692
3693
3695
3695
3695
3695
3696
3698
3699
3700
3701
3702
3705
3706
3706
3707
3708
3708
3709
3709
3710
3712
3713
3714
3715
3716
3716
3717
3717
3718
3719
3719
3722
3722
3724
3724
3724
3724
3724
3726
3727
3728
3728
3729
3729
3729
3729
3731
3732
3732
3733
3733
3733
3740
3741
3742
3743
3744
3744
3745
3750
3750
3750
3751
3752
3755
3758
3758
3760
3762
3762
3763
3764
3764
3765
3765
3765
3766
3766
3766
3766
3766
3766
3767
3767
3768
3769
3769
3770
3772
3776
3776
3777
3777
3778
3778
3779
3781
3781
3784
3784
3785
3785
3787
3789
3789
3790
3793
3794
3797
3797
3797
3797
3799
3799
3800
3801
3802
3803
3803
3803
3804
3805
3808
3809
3809
3809
3810
3810
3811
3812
3812
3812
3816
3817
3817
3817
3817
3818
3819
3819
3820
3820
3822
3823
3824
3824
3825
3826
3827
3827
3828
3828
3829
3830
3830
3830
3831
3832
3832
3833
3833
3833
3835
3835
3838
3840
3841
3841
3841
3842
3842
3843
3843
3844
3845
3845
3845
3846
3846
3847
3848
3849
3850
3850
3850
3851
3852
3853
3854
3854
3854
3856
3857
3858
3859
3859
3859
3860
3861
3862
3862
3863
3864
3864
3864
3869
3869
3871
3873
3874
3875
3878
3879
3879
3881
3882
3883
3883
3884
3885
3885
3885
3885
3889
3890
3890
3891
3892
3892
3892
3893
3894
3895
3895
3896
3896
3896
3896
3897
3897
3897
3897
3898
3900
3901
3901
3902
3904
3904
3905
3906
3907
3907
3908
3909
3909
3910
3910
3911
3911
3912
3912
3914
3915
3917
3918
3918
3919
3921
3924
3925
3928
3928
3930
3931
3932
3933
3934
3934
3936
3936
3939
3941
3941
3942
3942
3944
3945
3945
3946
3946
3946
3946
3946
3948
3948
3953
3954
3954
3954
3954
3955
3957
3958
3959
3961
3961
3962
3964
3964
3965
3965
3965
3966
3967
3967
3967
3967
3968
3970
3971
3974
3974
3975
3976
3977
3983
3984
3986
3986
3987
3987
3989
3989
3989
3990
3990
3991
3991
3991
3992
3992
3996
3997
3997
3997
3998
3998
3998
3999
4001
4002
4003
4004
4004
4006
4008
4008
4011
4011
4012
4012
4012
4013
4015
4016
4016
4016
4017
4018
4019
4019
4020
4020
4020
4020
4021
4023
4023
4024
4026
4026
4027
4028
4028
4028
4028
4030
4032
4032
4032
4035
4036
4037
4038
4039
4039
4040
4040
4041
4041
4042
4042
4043
4044
4044
4044
4044
4044
4044
4044
4045
4045
4047
4050
4051
4051
4051
4052
4053
4053
4054
4055
4055
4056
4056
4056
4056
4057
4058
4058
4059
4060
4063
4063
4064
4064
4065
4066
4067
4067
4067
4069
4070
4071
4072
4072
4074
4074
4074
4075
4076
4076
4078
4079
4079
4080
4080
4080
4081
4082
4082
4086
4086
4086
4088
4089
4089
4091
4091
4091
4092
4092
4092
4093
4093
4094
4094
4097
4098
4098
4100
4101
4101
4102
4104
4104
4105
4111
4112
4112
4112
4114
4115
4115
4115
4116
4116
4117
4118
4118
4121
4123
4125
4125
4126
4127
4127
4128
4128
4131
4131
4132
4132
4132
4133
4133
4133
4135
4135
4135
4136
4136
4136
4137
4138
4140
4140
4141
4141
4141
4141
4144
4145
4146
4148
4148
4148
4149
4149
4150
4150
4151
4152
4152
4153
4155
4157
4158
4159
4160
4160
4162
4162
4163
4164
4164
4165
4165
4166
4170
4172
4172
4172
4173
4173
4174
4174
4174
4175
4175
4177
4182
4183
4183
4183
4184
4184
4184
4184
4185
4185
4186
4186
4187
4187
4187
4188
4188
4189
4189
4191
4191
4191
4193
4194
4194
4195
4197
4197
4198
4198
4199
4199
4200
4201
4202
4203
4203
4204
4206
4209
4211
4211
4212
4212
4215
4215
4215
4215
4215
4215
4216
4217
4217
4218
4219
4220
4220
4221
4222
4222
4224
4224
4226
4226
4226
4227
4231
4232
4233
4235
4235
4236
4236
4236
4238
4240
4240
4241
4243
4245
4245
4246
4248
4249
4249
4249
4251
4251
4252
4256
4256
4257
4259
4261
4263
4263
4263
4265
4265
4266
4266
4268
4268
4268
4270
4270
4271
4271
4271
4272
4272
4273
4273
4273
4273
4274
4275
4277
4277
4278
4279
4280
4282
4283
4284
4284
4285
4286
4287
4288
4288
4288
4290
4290
4292
4293
4295
4295
4295
4300
4301
4302
4306
4307
4307
4307
4308
4308
4310
4310
4310
4311
4312
4312
4312
4312
4313
4313
4313
4314
4314
4315
4315
4316
4318
4318
4319
4320
4321
4321
4321
4323
4324
4324
4324
4327
4327
4327
4331
4332
4332
4335
4337
4337
4337
4339
4339
4341
4344
4344
4344
4344
4344
4347
4347
4348
4348
4348
4348
4349
4349
4350
4350
4353
4354
4355
4356
4356
4357
4357
4357
4359
4359
4360
4360
4361
4362
4363
4363
4363
4364
4365
4366
4366
4366
4367
4367
4367
4368
4368
4369
4370
4371
4372
4372
4374
4374
4374
4375
4375
4375
4379
4382
4382
4382
4383
4383
4385
4385
4385
4386
4388
4389
4391
4392
4392
4393
4393
4394
4394
4394
4395
4396
4397
4397
4399
4401
4402
4402
4402
4402
4402
4403
4405
4405
4406
4406
4406
4409
4409
4409
4409
4409
4410
4410
4411
4411
4411
4411
4412
4412
4413
4415
4415
4416
4417
4420
4420
4422
4422
4423
4423
4424
4425
4425
4425
4425
4427
4427
4427
4428
4428
4428
4430
4430
4430
4430
4431
4431
4432
4432
4433
4433
4434
4434
4438
4438
4439
4439
4439
4440
4442
4443
4443
4444
4446
4447
4448
4448
4449
4451
4451
4452
4452
4452
4453
4454
4454
4454
4454
4456
4456
4456
4457
4457
4457
4458
4458
4459
4461
4463
4463
4464
4464
4465
4466
4467
4467
4468
4468
4470
4471
4472
4472
4473
4475
4475
4476
4476
4479
4479
4480
4480
4480
4482
4483
4484
4484
4485
4485
4485
4485
4487
4487
4488
4488
4489
4490
4490
4492
4492
4492
4492
4493
4493
4494
4496
4497
4497
4499
4499
4500
4501
4502
4502
4503
4504
4507
4508
4508
4510
4511
4512
4512
4512
4513
4514
4516
4517
4518
4518
4518
4521
4522
4524
4524
4525
4525
4525
4525
4526
4527
4528
4528
4530
4530
4530
4530
4531
4533
4533
4534
4536
4537
4538
4538
4538
4539
4540
4540
4541
4541
4542
4542
4543
4544
4544
4547
4549
4549
4551
4553
4554
4555
4555
4555
4555
4557
4559
4560
4561
4562
4562
4563
4565
4566
4569
4571
4572
4572
4573
4573
4575
4575
4575
4575
4576
4577
4577
4578
4580
4580
4581
4582
4583
4585
4585
4585
4585
4585
4585
4586
4587
4588
4589
4591
4592
4593
4593
4594
4594
4594
4596
4596
4597
4597
4597
4597
4599
4599
4599
4604
4604
4604
4606
4608
4608
4609
4609
4610
4611
4612
4613
4613
4613
4614
4617
4617
4619
4620
4623
4623
4623
4624
4625
4626
4628
4633
4635
4637
4637
4637
4637
4638
4639
4639
4639
4640
4641
4641
4642
4642
4642
4643
4644
4647
4647
4647
4649
4649
4650
4652
4653
4653
4654
4654
4654
4655
4655
4656
4657
4657
4658
4659
4659
4659
4660
4660
4665
4666
4668
4668
4672
4672
4672
4674
4675
4676
4677
4678
4681
4682
4684
4685
4685
4686
4686
4686
4688
4689
4694
4694
4695
4695
4696
4698
4699
4700
4703
4703
4703
4706
4706
4706
4707
4708
4710
4710
4712
4712
4714
4717
4719
4720
4723
4723
4723
4724
4725
4726
4728
4729
4730
4730
4730
4731
4732
4733
4733
4733
4733
4735
4736
4736
4741
4741
4742
4742
4743
4743
4743
4744
4744
4745
4746
4746
4748
4748
4749
4751
4751
4751
4751
4752
4752
4752
4752
4753
4753
4753
4754
4755
4755
4755
4755
4757
4757
4757
4758
4758
4758
4760
4761
4761
4763
4763
4763
4764
4765
4766
4766
4767
4768
4768
4770
4772
4772
4772
4775
4776
4777
4779
4779
4779
4780
4780
4780
4781
4781
4787
4788
4788
4790
4790
4790
4792
4794
4796
4799
4800
4801
4802
4803
4804
4806
4807
4810
4812
4813
4814
4814
4815
4820
4820
4821
4822
4824
4826
4826
4829
4829
4830
4830
4830
4832
4833
4833
4834
4835
4835
4836
4836
4837
4837
4838
4839
4840
4842
4842
4844
4845
4846
4846
4847
4848
4850
4850
4850
4851
4851
4852
4852
4852
4852
4853
4854
4857
4858
4859
4859
4860
4860
4861
4861
4862
4863
4864
4864
4866
4867
4867
4867
4868
4869
4869
4869
4870
4870
4871
4872
4873
4873
4874
4874
4877
4878
4878
4881
4881
4883
4883
4885
4887
4888
4888
4889
4890
4891
4892
4892
4893
4894
4894
4894
4894
4896
4896
4897
4898
4901
4901
4902
4902
4902
4904
4906
4907
4907
4908
4908
4908
4908
4910
4910
4911
4911
4911
4912
4912
4913
4914
4914
4915
4916
4916
4916
4916
4917
4918
4919
4921
4921
4922
4922
4923
4923
4923
4923
4924
4924
4924
4925
4926
4926
4927
4928
4929
4929
4929
4929
4929
4931
4933
4935
4937
4938
4939
4942
4942
4943
4943
4943
4944
4944
4945
4947
4947
4950
4951
4952
4954
4954
4955
4955
4955
4955
4956
4956
4959
4959
4960
4960
4961
4962
4962
4963
4964
4965
4965
4967
4967
4970
4970
4971
4971
4971
4971
4971
4972
4973
4973
4976
4976
4976
4978
4980
4980
4981
4981
4982
4982
4983
4983
4983
4984
4986
4986
4988
4989
4989
4991
4991
4992
4992
4994
4996
4998
4999
4999
4999
5000
5001
5001
5004
5004
5005
5005
5006
5008
5008
5008
5008
5008
5010
5010
5010
5010
5010
5012
5013
5014
5014
5015
5016
5019
5019
5020
5020
5020
5021
5021
5022
5023
5024
5024
5024
5024
5025
5025
5025
5026
5027
5027
5027
5027
5029
5029
5031
5031
5032
5032
5032
5033
5033
5033
5033
5034
5035
5036
5037
5037
5040
5041
5041
5042
5042
5042
5043
5045
5045
5045
5045
5046
5046
5046
5047
5049
5051
5052
5053
5053
5053
5055
5057
5057
5057
5058
5059
5059
5060
5060
5062
5062
5062
5062
5063
5064
5064
5065
5065
5065
5066
5067
5067
5067
5067
5067
5068
5069
5070
5071
5071
5072
5073
5074
5074
5075
5076
5077
5077
5077
5079
5079
5079
5081
5081
5082
5085
5086
5086
5086
5087
5088
5091
5091
5092
5092
5094
5094
5095
5095
5096
5096
5097
5098
5099
5100
5101
5101
5105
5105
5106
5107
5107
5108
5109
5112
5112
5112
5112
5113
5114
5114
5117
5119
5119
5120
5120
5121
5122
5122
5123
5123
5123
5124
5124
5125
5126
5126
5126
5127
5127
5128
5129
5129
5129
5129
5130
5131
5131
5131
5132
5132
5133
5133
5134
5135
5138
5139
5139
5141
5141
5142
5142
5142
5142
5143
5143
5143
5144
5144
5146
5147
5148
5150
5151
5152
5152
5155
5155
5155
5156
5156
5157
5158
5158
5158
5159
5159
5160
5160
5160
5160
5161
5164
5165
5166
5168
5169
5171
5172
5173
5173
5173
5173
5174
5175
5176
5176
5179
5179
5181
5183
5185
5185
5186
5188
5189
5191
5192
5192
5195
5198
5199
5199
5200
5200
5203
5203
5203
5204
5204
5205
5206
5207
5210
5211
5211
5212
5213
5214
5216
5217
5217
5217
5218
5218
5219
5219
5219
5220
5220
5220
5220
5221
5221
5222
5222
5222
5222
5223
5223
5226
5226
5226
5227
5227
5228
5230
5232
5232
5233
5235
5236
5236
5236
5237
5237
5239
5239
5239
5240
5242
5242
5243
5243
5244
5245
5245
5247
5247
5247
5247
5248
5248
5249
5249
5249
5250
5251
5251
5251
5251
5252
5252
5252
5253
5254
5254
5254
5255
5255
5256
5256
5257
5257
5258
5258
5259
5260
5260
5261
5262
5262
5263
5264
5265
5266
5269
5270
5271
5272
5273
5273
5273
5273
5275
5278
5281
5281
5282
5284
5284
5286
5286
5287
5287
5288
5291
5292
5294
5295
5295
5296
5297
5297
5298
5298
5299
5299
5300
5300
5300
5302
5303
5303
5303
5303
5305
5306
5307
5307
5307
5307
5308
5309
5309
5310
5311
5314
5315
5315
5315
5317
5318
5320
5321
5322
5324
5324
5325
5325
5326
5327
5328
5328
5328
5329
5329
5330
5331
5332
5332
5332
5333
5333
5333
5334
5335
5335
5338
5340
5341
5341
5342
5343
5344
5344
5346
5347
5348
5348
5349
5349
5349
5349
5350
5352
5354
5354
5355
5356
5357
5360
5360
5361
5361
5362
5363
5364
5366
5366
5367
5367
5368
5369
5369
5369
5370
5370
5370
5370
5371
5372
5372
5374
5375
5376
5377
5377
5379
5379
5379
5380
5380
5382
5383
5383
5386
5386
5387
5387
5388
5394
5395
5396
5396
5396
5396
5396
5397
5398
5400
5404
5405
5405
5405
5406
5406
5406
5406
5406
5407
5407
5410
5410
5411
5411
5412
5414
5414
5414
5414
5414
5414
5416
5416
5416
5418
5418
5420
5421
5423
5423
5424
5425
5427
5428
5428
5430
5430
5434
5434
5435
5436
5436
5437
5437
5437
5440
5441
5441
5442
5443
5443
5443
5444
5447
5447
5447
5448
5450
5450
5450
5452
5452
5453
5454
5455
5455
5456
5457
5457
5457
5458
5459
5459
5461
5461
5462
5463
5463
5463
5463
5465
5466
5468
5468
5469
5471
5471
5472
5472
5473
5474
5477
5477
5477
5478
5479
5480
5481
5482
5483
5483
5485
5485
5486
5486
5486
5487
5489
5490
5490
5491
5492
5493
5494
5496
5496
5499
5500
5501
5501
5501
5503
5504
5504
5504
5506
5509
5510
5510
5511
5511
5513
5513
5513
5513
5514
5515
5515
5515
5517
5517
5517
5518
5518
5519
5520
5520
5521
5521
5521
5521
5522
5524
5525
5525
5526
5526
5527
5528
5530
5532
5532
5533
5533
5534
5535
5535
5535
5536
5536
5537
5538
5538
5539
5540
5541
5545
5545
5545
5546
5547
5552
5553
5555
5557
5558
5559
5559
5560
5561
5561
5561
5561
5561
5562
5562
5563
5564
5565
5568
5571
5572
5573
5573
5574
5574
5576
5576
5576
5577
5577
5578
5578
5580
5580
5582
5583
5584
5584
5585
5585
5585
5585
5586
5586
5586
5587
5587
5587
5587
5588
5588
5589
5589
5590
5590
5590
5591
5595
5595
5596
5596
5597
5599
5599
5599
5601
5601
5602
5602
5603
5603
5604
5604
5605
5606
5607
5607
5607
5609
5610
5610
5613
5613
5618
5618
5618
5618
5620
5621
5621
5621
5621
5622
5622
5623
5624
5624
5625
5625
5626
5627
5628
5628
5629
5630
5630
5631
5631
5631
5631
5633
5633
5634
5635
5636
5637
5637
5639
5640
5640
5641
5642
5642
5642
5642
5642
5643
5643
5644
5645
5646
5646
5647
5648
5649
5652
5652
5652
5655
5655
5656
5656
5656
5657
5657
5658
5659
5660
5660
5660
5661
5661
5663
5663
5664
5664
5665
5666
5666
5666
5666
5666
5667
5667
5669
5670
5671
5671
5671
5672
5673
5673
5673
5674
5675
5679
5680
5681
5681
5683
5683
5684
5684
5685
5685
5686
5686
5687
5687
5688
5688
5688
5688
5689
5692
5692
5695
5695
5696
5697
5699
5699
5700
5701
5701
5704
5706
5707
5708
5708
5709
5710
5710
5710
5711
5711
5712
5712
5713
5713
5714
5714
5716
5716
5717
5717
5718
5718
5719
5721
5722
5722
5723
5723
5723
5724
5724
5725
5726
5727
5729
5730
5730
5730
5732
5733
5733
5734
5734
5734
5737
5738
5739
5739
5741
5742
5742
5742
5744
5744
5744
5745
5745
5747
5747
5747
5748
5749
5750
5752
5755
5755
5756
5756
5756
5756
5757
5757
5759
5761
5762
5762
5763
5764
5764
5764
5765
5766
5768
5769
5770
5772
5773
5773
5774
5774
5774
5774
5775
5778
5779
5781
5781
5782
5782
5784
5785
5786
5786
5786
5787
5788
5788
5788
5788
5789
5789
5789
5790
5790
5791
5792
5792
5792
5792
5793
5793
5794
5795
5796
5796
5796
5796
5798
5798
5799
5801
5801
5802
5803
5803
5804
5804
5804
5805
5806
5808
5808
5809
5809
5809
5810
5810
5810
5810
5812
5812
5812
5813
5813
5814
5814
5815
5815
5816
5817
5817
5817
5818
5819
5819
5819
5820
5823
5826
5827
5830
5830
5830
5831
5831
5832
5833
5834
5835
5836
5839
5839
5839
5840
5841
5841
5841
5843
5843
5845
5845
5846
5846
5847
5847
5848
5848
5849
5850
5850
5850
5850
5853
5854
5854
5854
5856
5856
5857
5857
5859
5860
5860
5865
5866
5866
5867
5868
5868
5870
5871
5871
5871
5872
5872
5873
5874
5874
5875
5875
5876
5877
5878
5880
5880
5880
5881
5882
5882
5883
5883
5886
5887
5887
5889
5889
5889
5890
5890
5890
5892
5894
5899
5899
5901
5901
5902
5903
5903
5904
5905
5907
5907
5908
5908
5908
5908
5910
5910
5911
5911
5911
5912
5912
5912
5912
5912
5913
5913
5915
5916
5917
5918
5918
5919
5919
5919
5921
5922
5923
5924
5926
5927
5927
5927
5927
5928
5929
5930
5930
5932
5937
5937
5937
5938
5938
5938
5939
5939
5939
5939
5940
5940
5940
5940
5940
5942
5943
5943
5944
5944
5945
5945
5946
5946
5947
5948
5949
5949
5949
5950
5951
5952
5954
5955
5955
5957
5957
5958
5958
5958
5959
5959
5961
5961
5961
5964
5965
5966
5967
5968
5968
5969
5969
5970
5971
5971
5971
5972
5972
5972
5973
5973
5974
5977
5977
5978
5978
5979
5981
5981
5984
5986
5986
5986
5986
5986
5988
5988
5989
5992
5992
5993
5993
5998
5998
6000
6001
6001
6003
6007
6008
6009
6009
6010
6014
6014
6015
6016
6016
6017
6019
6019
6019
6020
6020
6021
6022
6022
6022
6023
6023
6023
6024
6025
6025
6025
6026
6026
6029
6030
6031
6032
6032
6033
6033
6034
6036
6039
6039
6040
6042
6043
6043
6044
6044
6045
6045
6047
6047
6048
6048
6049
6050
6051
6051
6051
6052
6053
6053
6054
6054
6055
6056
6057
6059
6059
6060
6060
6060
6061
6061
6062
6062
6063
6065
6065
6066
6066
6067
6067
6068
6069
6070
6070
6071
6073
6073
6073
6074
6075
6077
6078
6078
6079
6079
6080
6082
6083
6084
6084
6085
6085
6086
6086
6086
6086
6087
6088
6089
6092
6093
6094
6094
6095
6096
6096
6097
6099
6100
6101
6102
6103
6103
6104
6104
6105
6105
6106
6106
6106
6107
6109
6111
6111
6112
6112
6114
6114
6115
6116
6117
6118
6118
6118
6118
6118
6122
6123
6123
6123
6124
6125
6125
6126
6126
6127
6128
6128
6128
6129
6129
6130
6130
6130
6130
6131
6133
6134
6134
6134
6135
6135
6136
6136
6136
6136
6136
6137
6138
6138
6140
6141
6141
6142
6142
6142
6142
6143
6143
6143
6144
6146
6147
6148
6149
6151
6153
6153
6154
6155
6155
6156
6156
6157
6157
6158
6159
6159
6159
6160
6160
6162
6162
6162
6165
6166
6166
6167
6167
6167
6167
6167
6168
6169
6169
6170
6172
6173
6173
6174
6176
6177
6177
6178
6178
6179
6179
6179
6180
6182
6183
6183
6184
6184
6184
6185
6185
6186
6186
6187
6187
6189
6189
6190
6191
6191
6193
6195
6196
6197
6197
6198
6200
6200
6200
6201
6201
6202
6203
6204
6205
6206
6207
6207
6208
6210
6211
6212
6212
6213
6213
6215
6220
6220
6220
6221
6222
6223
6225
6225
6226
6226
6227
6228
6228
6228
6230
6231
6231
6234
6236
6238
6240
6240
6242
6242
6245
6246
6246
6246
6248
6248
6249
6249
6249
6250
6251
6251
6252
6255
6257
6257
6258
6259
6261
6262
6262
6263
6263
6264
6265
6267
6270
6271
6271
6271
6272
6272
6272
6273
6273
6273
6276
6277
6281
6282
6282
6282
6283
6284
6284
6284
6284
6285
6286
6286
6286
6287
6288
6288
6288
6289
6290
6290
6295
6296
6296
6296
6298
6298
6298
6299
6299
6299
6300
6301
6301
6302
6302
6303
6303
6306
6307
6307
6308
6309
6310
6311
6312
6312
6316
6317
6317
6320
6320
6321
6321
6328
6330
6331
6331
6332
6333
6334
6335
6335
6335
6335
6335
6336
6339
6339
6341
6341
6341
6341
6341
6341
6342
6343
6344
6345
6346
6346
6347
6348
6348
6348
6350
6350
6350
6351
6351
6352
6354
6354
6354
6355
6355
6356
6356
6357
6357
6358
6361
6362
6362
6362
6363
6364
6364
6364
6365
6365
6368
6368
6369
6370
6370
6371
6372
6373
6373
6376
6376
6377
6378
6378
6379
6379
6379
6380
6381
6381
6382
6382
6384
6386
6388
6389
6389
6390
6390
6391
6391
6392
6392
6392
6394
6395
6395
6397
6397
6398
6398
6399
6401
6402
6403
6403
6404
6405
6405
6406
6406
6407
6407
6407
6408
6411
6413
6413
6414
6415
6415
6415
6416
6416
6417
6419
6419
6421
6422
6423
6423
6424
6424
6424
6424
6425
6426
6427
6428
6430
6431
6431
6433
6434
6434
6435
6436
6436
6439
6440
6440
6441
6441
6442
6445
6446
6447
6447
6448
6448
6449
6450
6451
6452
6453
6453
6454
6454
6454
6456
6457
6459
6459
6459
6460
6460
6461
6462
6463
6464
6464
6465
6465
6467
6470
6471
6472
6472
6473
6473
6474
6474
6474
6474
6475
6475
6475
6476
6476
6477
6478
6479
6479
6480
6481
6481
6482
6482
6483
6484
6485
6485
6486
6486
6486
6488
6488
6488
6488
6490
6490
6490
6491
6492
6492
6496
6497
6497
6498
6500
6500
6503
6503
6504
6505
6505
6505
6507
6509
6510
6511
6511
6513
6513
6515
6515
6515
6516
6517
6517
6518
6518
6519
6519
6519
6520
6521
6523
6525
6525
6526
6526
6527
6528
6530
6530
6530
6530
6531
6531
6533
6537
6537
6540
6541
6541
6542
6543
6543
6544
6549
6550
6550
6552
6552
6553
6554
6554
6555
6555
6556
6556
6557
6557
6559
6559
6560
6560
6561
6562
6563
6565
6565
6566
6567
6567
6568
6569
6569
6569
6572
6572
6573
6573
6575
6575
6578
6578
6580
6580
6580
6580
6581
6582
6584
6585
6585
6586
6586
6587
6587
6590
6590
6590
6592
6593
6594
6594
6594
6597
6598
6599
6602
6603
6604
6607
6607
6607
6608
6609
6609
6611
6614
6616
6617
6618
6618
6618
6619
6619
6620
6623
6623
6623
6624
6624
6625
6625
6627
6627
6628
6630
6630
6631
6632
6632
6633
6634
6635
6635
6636
6636
6637
6637
6637
6638
6638
6639
6640
6641
6641
6643
6643
6643
6645
6648
6648
6649
6650
6650
6650
6650
6650
6650
6652
6654
6654
6655
6655
6656
6656
6658
6658
6658
6659
6660
6661
6662
6662
6664
6665
6665
6666
6666
6667
6667
6668
6669
6670
6670
6670
6671
6671
6671
6672
6672
6673
6674
6675
6675
6677
6677
6679
6680
6682
6685
6686
6687
6687
6687
6688
6688
6689
6690
6690
6691
6691
6693
6697
6698
6698
6699
6699
6700
6700
6701
6701
6702
6702
6702
6703
6703
6704
6704
6705
6707
6709
6711
6712
6712
6714
6715
6715
6716
6717
6717
6717
6718
6718
6719
6720
6721
6721
6722
6722
6722
6722
6723
6724
6724
6725
6725
6726
6726
6727
6727
6728
6728
6730
6731
6732
6733
6733
6733
6733
6737
6739
6740
6740
6740
6741
6742
6742
6742
6743
6746
6747
6747
6748
6749
6749
6750
6750
6752
6753
6755
6755
6755
6757
6757
6758
6758
6762
6762
6763
6763
6763
6764
6765
6768
6771
6771
6772
6775
6776
6776
6776
6777
6780
6781
6782
6784
6784
6785
6785
6787
6788
6788
6788
6790
6791
6791
6792
6793
6793
6793
6793
6793
6796
6796
6796
6796
6797
6798
6799
6799
6801
6801
6802
6802
6803
6803
6804
6805
6805
6807
6807
6808
6811
6811
6813
6813
6814
6816
6821
6822
6824
6824
6826
6826
6827
6827
6827
6828
6830
6831
6833
6835
6835
6835
6835
6836
6836
6836
6836
6836
6837
6837
6838
6838
6839
6839
6839
6840
6841
6842
6842
6844
6844
6846
6848
6848
6849
6850
6850
6850
6852
6852
6855
6858
6859
6859
6859
6860
6861
6861
6861
6864
6864
6864
6865
6866
6867
6867
6868
6870
6870
6870
6871
6871
6871
6873
6875
6875
6876
6876
6878
6879
6881
6882
6882
6883
6884
6885
6885
6886
6887
6887
6887
6888
6888
6890
6891
6891
6891
6891
6891
6895
6895
6895
6896
6897
6897
6897
6898
6899
6900
6901
6901
6904
6904
6905
6905
6906
6906
6907
6907
6908
6908
6909
6911
6911
6912
6912
6913
6914
6916
6919
6919
6919
6920
6920
6920
6920
6924
6925
6925
6926
6926
6927
6928
6928
6929
6930
6930
6930
6931
6931
6932
6933
6933
6934
6935
6938
6938
6938
6938
6940
6941
6942
6945
6946
6947
6947
6947
6948
6949
6949
6950
6950
6951
6952
6952
6953
6953
6954
6960
6962
6963
6963
6964
6965
6965
6965
6965
6965
6966
6968
6968
6968
6972
6972
6972
6973
6975
6978
6979
6980
6980
6981
6981
6982
6983
6983
6986
6987
6987
6988
6988
6989
6991
6991
6992
6992
6992
6993
6994
6994
6995
6996
6996
6996
6997
6999
7000
7000
7001
7004
7005
7006
7007
7008
7008
7009
7009
7009
7009
7010
7010
7010
7011
7012
7012
7014
7015
7017
7018
7019
7020
7021
7021
7022
7024
7026
7026
7026
7027
7029
7030
7032
7033
7034
7036
7036
7036
7036
7038
7039
7039
7039
7039
7041
7041
7042
7042
7042
7043
7044
7045
7045
7047
7048
7049
7050
7052
7052
7053
7053
7054
7055
7055
7055
7056
7057
7057
7058
7058
7059
7059
7060
7061
7061
7062
7062
7064
7064
7065
7066
7067
7067
7068
7069
7069
7071
7071
7071
7073
7076
7077
7078
7078
7078
7078
7080
7080
7080
7082
7082
7082
7083
7083
7083
7083
7084
7086
7086
7086
7090
7092
7092
7093
7093
7096
7098
7098
7098
7101
7102
7102
7103
7103
7105
7106
7107
7107
7107
7107
7108
7108
7108
7108
7111
7111
7112
7112
7113
7113
7114
7115
7115
7116
7116
7117
7118
7118
7120
7121
7121
7121
7121
7122
7123
7123
7124
7124
7125
7127
7127
7128
7128
7130
7130
7130
7131
7131
7132
7132
7132
7133
7133
7135
7136
7136
7136
7136
7138
7139
7141
7142
7145
7147
7149
7149
7150
7150
7150
7153
7153
7155
7157
7157
7159
7161
7161
7162
7162
7164
7164
7166
7167
7167
7168
7169
7169
7170
7170
7171
7171
7172
7173
7173
7173
7173
7175
7176
7176
7176
7177
7178
7178
7179
7179
7179
7180
7180
7181
7181
7181
7182
7184
7184
7186
7188
7188
7188
7194
7194
7195
7196
7196
7196
7196
7198
7198
7198
7201
7202
7202
7204
7204
7204
7204
7205
7206
7206
7207
7207
7207
7207
7208
7208
7209
7212
7214
7214
7214
7215
7216
7216
7217
7217
7218
7219
7220
7221
7222
7224
7225
7226
7227
7227
7228
7229
7232
7232
7232
7233
7236
7237
7237
7238
7239
7239
7241
7242
7243
7243
7244
7245
7245
7246
7246
7246
7246
7246
7247
7250
7251
7252
7252
7252
7253
7254
7254
7254
7255
7255
7255
7256
7256
7256
7261
7262
7262
7264
7265
7266
7266
7266
7268
7269
7270
7270
7270
7271
7271
7271
7272
7272
7272
7272
7273
7275
7277
7279
7281
7281
7281
7282
7283
7285
7285
7289
7289
7289
7289
7291
7292
7293
7294
7295
7296
7297
7298
7299
7299
7300
7301
7301
7301
7301
7302
7304
7305
7305
7305
7306
7306
7308
7309
7309
7310
7311
7311
7314
7314
7314
7315
7318
7319
7319
7319
7319
7320
7320
7321
7322
7323
7323
7323
7323
7326
7326
7326
7326
7326
7328
7329
7329
7329
7330
7331
7332
7333
7333
7333
7333
7334
7334
7334
7335
7337
7337
7338
7338
7339
7339
7340
7341
7341
7341
7343
7344
7345
7345
7345
7346
7346
7347
7347
7351
7351
7353
7357
7357
7357
7358
7359
7359
7361
7361
7362
7363
7363
7363
7365
7366
7366
7367
7367
7368
7370
7370
7371
7373
7377
7377
7378
7379
7380
7380
7380
7381
7381
7383
7383
7383
7385
7387
7389
7390
7391
7391
7393
7393
7394
7396
7396
7397
7397
7398
7400
7400
7403
7404
7405
7406
7407
7408
7409
7409
7409
7411
7411
7413
7413
7414
7414
7416
7416
7416
7417
7418
7419
7420
7421
7421
7423
7424
7424
7424
7425
7425
7426
7426
7426
7427
7427
7427
7428
7429
7429
7430
7431
7432
7433
7434
7434
7434
7435
7436
7436
7436
7438
7440
7440
7440
7440
7441
7441
7441
7444
7445
7446
7448
7448
7449
7449
7449
7452
7452
7453
7453
7454
7454
7458
7459
7459
7459
7459
7461
7462
7462
7462
7463
7464
7464
7466
7466
7467
7468
7469
7470
7470
7470
7471
7471
7471
7472
7473
7473
7474
7474
7474
7477
7478
7478
7478
7478
7479
7479
7480
7480
7481
7481
7482
7483
7483
7484
7484
7484
7485
7485
7487
7490
7490
7490
7491
7492
7492
7493
7493
7494
7495
7495
7496
7498
7498
7498
7500
7501
7502
7503
7504
7504
7504
7505
7506
7506
7507
7507
7507
7509
7510
7511
7511
7511
7512
7513
7514
7514
7515
7515
7516
7517
7519
7519
7519
7520
7522
7523
7524
7526
7526
7527
7529
7530
7530
7530
7530
7532
7532
7532
7533
7535
7535
7535
7537
7538
7538
7540
7540
7540
7541
7541
7542
7544
7544
7545
7546
7546
7546
7547
7548
7548
7549
7549
7549
7549
7550
7551
7551
7552
7553
7556
7557
7558
7558
7558
7558
7560
7561
7562
7562
7563
7564
7564
7565
7566
7568
7570
7570
7571
7573
7573
7576
7576
7577
7578
7579
7579
7581
7582
7583
7583
7584
7584
7585
7585
7586
7587
7588
7589
7591
7591
7592
7593
7593
7594
7595
7595
7596
7597
7598
7598
7599
7599
7600
7600
7601
7601
7601
7603
7603
7603
7603
7604
7604
7604
7604
7605
7607
7608
7609
7610
7611
7611
7612
7612
7612
7613
7613
7614
7614
7615
7617
7620
7620
7624
7627
7628
7630
7630
7632
7633
7633
7637
7637
7637
7639
7640
7640
7642
7643
7643
7644
7644
7646
7646
7647
7647
7647
7649
7649
7650
7650
7651
7652
7652
7653
7653
7655
7656
7657
7657
7657
7658
7658
7658
7660
7660
7661
7662
7662
7662
7662
7662
7663
7663
7666
7667
7667
7668
7670
7670
7670
7672
7672
7672
7673
7674
7676
7677
7678
7679
7680
7681
7684
7684
7685
7686
7689
7693
7693
7693
7694
7694
7695
7695
7699
7699
7700
7703
7703
7704
7704
7704
7706
7708
7708
7709
7709
7710
7711
7712
7712
7712
7714
7719
7720
7720
7720
7721
7721
7722
7722
7723
7725
7726
7726
7727
7729
7729
7735
7736
7736
7736
7737
7737
7738
7738
7739
7740
7740
7743
7744
7744
7746
7747
7748
7750
7751
7752
7752
7752
7752
7753
7754
7756
7757
7758
7758
7759
7759
7760
7760
7761
7761
7762
7762
7763
7763
7763
7765
7766
7767
7767
7768
7768
7769
7772
7772
7775
7775
7776
7776
7778
7779
7782
7783
7785
7786
7787
7787
7789
7791
7791
7791
7792
7794
7795
7796
7797
7797
7797
7797
7798
7798
7798
7799
7800
7800
7800
7801
7802
7802
7802
7802
7803
7804
7806
7807
7808
7808
7808
7808
7808
7813
7815
7817
7817
7817
7818
7819
7819
7819
7820
7820
7821
7821
7822
7822
7823
7824
7825
7825
7826
7827
7828
7828
7828
7830
7830
7830
7831
7832
7832
7832
7833
7833
7834
7835
7835
7836
7836
7836
7837
7837
7839
7839
7841
7842
7842
7842
7843
7843
7843
7845
7845
7846
7846
7847
7847
7847
7848
7849
7849
7849
7849
7850
7851
7853
7853
7853
7854
7857
7857
7858
7859
7859
7859
7860
7861
7862
7864
7864
7865
7865
7866
7868
7869
7869
7872
7873
7875
7876
7876
7876
7877
7878
7879
7880
7881
7881
7882
7883
7883
7885
7885
7887
7887
7890
7891
7892
7892
7894
7895
7895
7895
7897
7898
7898
7899
7900
7900
7900
7901
7902
7902
7905
7905
7906
7907
7907
7907
7908
7909
7910
7913
7913
7914
7915
7916
7916
7916
7920
7921
7924
7924
7925
7925
7926
7927
7927
7928
7929
7929
7929
7930
7930
7932
7934
7934
7934
7934
7934
7935
7936
7936
7937
7937
7938
7939
7939
7939
7940
7940
7940
7940
7940
7940
7941
7941
7941
7941
7941
7942
7943
7943
7943
7946
7946
7947
7948
7950
7951
7951
7951
7951
7952
7952
7953
7955
7956
7956
7956
7957
7958
7959
7960
7960
7961
7962
7963
7965
7965
7965
7966
7966
7968
7969
7972
7972
7973
7973
7974
7977
7977
7978
7978
7978
7979
7980
7980
7981
7983
7984
7984
7985
7986
7988
7988
7990
7991
7992
7994
7996
7997
7998
8000
8000
8000
8000
